Script started on 2019-02-01 21:30:52-05:00
bash-4.4$ who am i
lhuan22  pts/24       2019-02-01 21:30
bash-4.4$ time asin1_a 2000
[2000, 1999, 1998, 1997, 1996, 1995, 1994, 1993, 1992, 1991, 1990, 1989, 1988, 1987, 1986, 1985, 1984, 1983, 1982, 1981]
[1, 2, 3, 4, 5, 6, 7, 8, 9, 10, 11, 12, 13, 14, 15, 16, 17, 18, 19, 20]

real	0m0.323s
user	0m0.307s
sys	0m0.007s
bash-4.4$ time asin1_a 20000
[20000, 19999, 19998, 19997, 19996, 19995, 19994, 19993, 19992, 19991, 19990, 19989, 19988, 19987, 19986, 19985, 19984, 19983, 19982, 19981]
[1, 2, 3, 4, 5, 6, 7, 8, 9, 10, 11, 12, 13, 14, 15, 16, 17, 18, 19, 20]

real	0m29.349s
user	0m29.242s
sys	0m0.009s
bash-4.4$ time asin1_
[2000, 1999, 1998, 1997, 1996, 1995, 1994, 1993, 1992, 1991, 1990, 1989, 1988, 1987, 1986, 1985, 1984, 1983, 1982, 1981]
[1, 2, 3, 4, 5, 6, 7, 8, 9, 10, 11, 12, 13, 14, 15, 16, 17, 18, 19, 20]

real	0m0.031s
user	0m0.019s
sys	0m0.006s
bash-4.4$ time asin1_b 20000
[20000, 19999, 19998, 19997, 19996, 19995, 19994, 19993, 19992, 19991, 19990, 19989, 19988, 19987, 19986, 19985, 19984, 19983, 19982, 19981]
[1, 2, 3, 4, 5, 6, 7, 8, 9, 10, 11, 12, 13, 14, 15, 16, 17, 18, 19, 20]

real	0m0.082s
user	0m0.066s
sys	0m0.008s
bash-4.4$ time asin1_b 2
[20000000, 19999999, 19999998, 19999997, 19999996, 19999995, 19999994, 19999993, 19999992, 19999991, 19999990, 19999989, 19999988, 19999987, 19999986, 19999985, 19999984, 19999983, 19999982, 19999981]
[1, 2, 3, 4, 5, 6, 7, 8, 9, 10, 11, 12, 13, 14, 15, 16, 17, 18, 19, 20]

real	1m20.213s
user	1m18.691s
sys	0m0.895s
bash-4.4$ time asic 2
[20000000, 19999999, 19999998, 19999997, 19999996, 19999995, 19999994, 19999993, 19999992, 19999991, 19999990, 19999989, 19999988, 19999987, 19999986, 19999985, 19999984, 19999983, 19999982, 19999981]
[1, 2, 3, 4, 5, 6, 7, 8, 9, 10, 11, 12, 13, 14, 15, 16, 17, 18, 19, 20]

real	1m16.080s
user	1m14.991s
sys	0m0.658s
bash-4.4$ time asin1_c 20000000 4
[20000000, 19999999, 19999998, 19999997, 19999996, 19999995, 19999994, 19999993, 19999992, 19999991, 19999990, 19999989, 19999988, 19999987, 19999986, 19999985, 19999984, 19999983, 19999982, 19999981]
[1, 2, 3, 4, 5, 6, 7, 8, 9, 10, 11, 12, 13, 14, 15, 16, 17, 18, 19, 20]

real	1m11.982s
user	1m10.789s
sys	0m0.753s
bash-4.4$ time asin1_c 20000000 8
[20000000, 19999999, 19999998, 19999997, 19999996, 19999995, 19999994, 19999993, 19999992, 19999991, 19999990, 19999989, 19999988, 19999987, 19999986, 19999985, 19999984, 19999983, 19999982, 19999981]
[1, 2, 3, 4, 5, 6, 7, 8, 9, 10, 11, 12, 13, 14, 15, 16, 17, 18, 19, 20]

real	1m9.500s
user	1m8.439s
sys	0m0.841s
bash-4.4$ time asin1_c 20000000 16
[20000000, 19999999, 19999998, 19999997, 19999996, 19999995, 19999994, 19999993, 19999992, 19999991, 19999990, 19999989, 19999988, 19999987, 19999986, 19999985, 19999984, 19999983, 19999982, 19999981]
[1, 2, 3, 4, 5, 6, 7, 8, 9, 10, 11, 12, 13, 14, 15, 16, 17, 18, 19, 20]

real	1m10.887s
user	1m9.228s
sys	0m0.793s
bash-4.4$ time asin1_c 20000000 32
[20000000, 19999999, 19999998, 19999997, 19999996, 19999995, 19999994, 19999993, 19999992, 19999991, 19999990, 19999989, 19999988, 19999987, 19999986, 19999985, 19999984, 19999983, 19999982, 19999981]
[1, 2, 3, 4, 5, 6, 7, 8, 9, 10, 11, 12, 13, 14, 15, 16, 17, 18, 19, 20]

real	1m12.406s
user	1m11.343s
sys	0m0.722s
bash-4.4$ time asin1_c 20000000 64
[20000000, 19999999, 19999998, 19999997, 19999996, 19999995, 19999994, 19999993, 19999992, 19999991, 19999990, 19999989, 19999988, 19999987, 19999986, 19999985, 19999984, 19999983, 19999982, 19999981]
[1, 2, 3, 4, 5, 6, 7, 8, 9, 10, 11, 12, 13, 14, 15, 16, 17, 18, 19, 20]

real	1m26.298s
user	1m24.925s
sys	0m0.785s
bash-4.4$ exit
exit

Script done on 2019-02-01 21:45:12-05:00
